type staff x p4 p5 p6 p7 p8 p9
8 1 0 0 0.85 200
14 1 0 2
3 1 1.7 0 1
18 1 8.075 0 2 4
1 1 14.45 6 10 1 2
14 1 37.885 2
1 1 40.812 7 20 1 2
14 1 60.795 2
1 1 63.722 8 20 1 2
14 1 83.704 2
1 1 86.632 9 20 1 2
14 1 101.541 2
2 1 104.469 0 -2 0 2 0 115.26
14 1 131.356 2
2 1 134.284 0 0 0 1
1 1 144.216 10 20 0 1
14 1 154.195 2
1 1 157.123 8 20 0 1
1 1 167.054 6 10 0 1
14 1 177.105 2
1 1 180.032 10 20 1 2
14 1 200 2 1
8 2 0 -3 0.85 200
3 2 1.7
18 2 8.075 0 2 4
1 2 14.45 3 10 0 1
9 2 14.45 -3 53 1
1 2 24.382 2 10 0 0.5
6 2 24.382 2 1 31.07 11
1 2 31.074 1 10 0 0.5
1 2 40.812 4 10 0 1
4 2 40.812 -2.5 999 86.63
1 2 50.744 0 10 0 1
1 2 63.722 5 10 0 1
1 2 73.654 1 10 0 1
1 2 86.632 6 10 1 2
1 2 104.469 4 10 0 0.5 -1
9 2 104.469 -3 55 1
6 2 104.469 3 1 124.55 11
1 2 111.161 3 10 0 0.5 -0.67
1 2 117.853 2 10 0 0.5 -0.33
1 2 124.546 1 10 0 0.5
1 2 134.284 0 10 0 1
2 2 144.216 0 0 0 1
1 2 157.123 1 10 0 1
1 2 167.054 3 10 0 1
1 2 180.032 1 10 0 1 2
1 2 180.032 3 0 0 1
4 2 180.032 -4.5 999 193.96 -1
5 2 179.032 0 -2 190.96 -1.2 -2 0 0 0 0 0.6
1 2 189.964 0 10 0 1 2
1 2 189.964 2 0 0 1
14 1 0 2 8
t 2 19 -3 0 0.8 0 0 0 0 0 0 10